{
 "cells": [
  {
   "cell_type": "code",
   "execution_count": 1,
   "id": "5df11a63",
   "metadata": {},
   "outputs": [],
   "source": [
    "import pandas as pd\n",
    "import numpy as np\n",
    "import os\n",
    "import matplotlib.pyplot as plt\n",
    "import seaborn as sns\n",
    "%matplotlib inline\n",
    "%config InlineBackend.figure_format = \"retina\"\n",
    "plt.rcParams['font.sans-serif']=['SimHei']\n",
    "plt.rcParams['axes.unicode_minus']=False  \n",
    "\n",
    "from sklearn.model_selection import train_test_split\n",
    "from sklearn.metrics import mean_absolute_error\n",
    "from sklearn.metrics import mean_squared_error\n",
    "from sklearn.metrics import r2_score\n",
    "from sklearn.model_selection import GridSearchCV\n",
    "from sklearn import ensemble\n",
    "from sklearn.inspection import permutation_importance\n",
    "\n",
    "import shap"
   ]
  },
  {
   "cell_type": "code",
   "execution_count": 2,
   "id": "fd71065a",
   "metadata": {},
   "outputs": [
    {
     "name": "stdout",
     "output_type": "stream",
     "text": [
      "(1341, 73)\n"
     ]
    },
    {
     "data": {
      "text/html": [
       "<div>\n",
       "<style scoped>\n",
       "    .dataframe tbody tr th:only-of-type {\n",
       "        vertical-align: middle;\n",
       "    }\n",
       "\n",
       "    .dataframe tbody tr th {\n",
       "        vertical-align: top;\n",
       "    }\n",
       "\n",
       "    .dataframe thead th {\n",
       "        text-align: right;\n",
       "    }\n",
       "</style>\n",
       "<table border=\"1\" class=\"dataframe\">\n",
       "  <thead>\n",
       "    <tr style=\"text-align: right;\">\n",
       "      <th></th>\n",
       "      <th>material_id</th>\n",
       "      <th>pretty_formula</th>\n",
       "      <th>full_formula</th>\n",
       "      <th>unit_cell_formula</th>\n",
       "      <th>density</th>\n",
       "      <th>spacegroup.crystal_system</th>\n",
       "      <th>volume</th>\n",
       "      <th>band_gap</th>\n",
       "      <th>formation_energy_per_atom</th>\n",
       "      <th>e_above_hull</th>\n",
       "      <th>...</th>\n",
       "      <th>gamma</th>\n",
       "      <th>nA</th>\n",
       "      <th>nB</th>\n",
       "      <th>nX</th>\n",
       "      <th>rA</th>\n",
       "      <th>rB</th>\n",
       "      <th>rX</th>\n",
       "      <th>mu</th>\n",
       "      <th>t</th>\n",
       "      <th>tau</th>\n",
       "    </tr>\n",
       "  </thead>\n",
       "  <tbody>\n",
       "    <tr>\n",
       "      <th>0</th>\n",
       "      <td>mp-10250</td>\n",
       "      <td>BaLiF3</td>\n",
       "      <td>Ba1Li1F3</td>\n",
       "      <td>{'Ba': 1.0, 'Li': 1.0, 'F': 3.0}</td>\n",
       "      <td>5.020980</td>\n",
       "      <td>0</td>\n",
       "      <td>66.561793</td>\n",
       "      <td>6.5716</td>\n",
       "      <td>-3.767297</td>\n",
       "      <td>0.014824</td>\n",
       "      <td>...</td>\n",
       "      <td>90.000000</td>\n",
       "      <td>2.0</td>\n",
       "      <td>1.0</td>\n",
       "      <td>-1.0</td>\n",
       "      <td>1.61</td>\n",
       "      <td>0.76</td>\n",
       "      <td>1.33</td>\n",
       "      <td>0.571429</td>\n",
       "      <td>0.994686</td>\n",
       "      <td>3.394073</td>\n",
       "    </tr>\n",
       "    <tr>\n",
       "      <th>1</th>\n",
       "      <td>mp-1097061</td>\n",
       "      <td>CaTlF3</td>\n",
       "      <td>Ca1Tl1F3</td>\n",
       "      <td>{'Ca': 1.0, 'Tl': 1.0, 'F': 3.0}</td>\n",
       "      <td>5.456459</td>\n",
       "      <td>2</td>\n",
       "      <td>91.740879</td>\n",
       "      <td>4.8393</td>\n",
       "      <td>-3.321972</td>\n",
       "      <td>0.018100</td>\n",
       "      <td>...</td>\n",
       "      <td>89.962853</td>\n",
       "      <td>1.0</td>\n",
       "      <td>2.0</td>\n",
       "      <td>-1.0</td>\n",
       "      <td>1.70</td>\n",
       "      <td>1.00</td>\n",
       "      <td>1.33</td>\n",
       "      <td>0.751880</td>\n",
       "      <td>0.919542</td>\n",
       "      <td>3.533750</td>\n",
       "    </tr>\n",
       "    <tr>\n",
       "      <th>2</th>\n",
       "      <td>mp-998150</td>\n",
       "      <td>CaTlF3</td>\n",
       "      <td>Ca1Tl1F3</td>\n",
       "      <td>{'Ca': 1.0, 'Tl': 1.0, 'F': 3.0}</td>\n",
       "      <td>5.446106</td>\n",
       "      <td>3</td>\n",
       "      <td>91.915271</td>\n",
       "      <td>4.8398</td>\n",
       "      <td>-3.321913</td>\n",
       "      <td>0.018159</td>\n",
       "      <td>...</td>\n",
       "      <td>90.090621</td>\n",
       "      <td>1.0</td>\n",
       "      <td>2.0</td>\n",
       "      <td>-1.0</td>\n",
       "      <td>1.70</td>\n",
       "      <td>1.00</td>\n",
       "      <td>1.33</td>\n",
       "      <td>0.751880</td>\n",
       "      <td>0.919542</td>\n",
       "      <td>3.533750</td>\n",
       "    </tr>\n",
       "    <tr>\n",
       "      <th>3</th>\n",
       "      <td>mp-12262</td>\n",
       "      <td>CsBeF3</td>\n",
       "      <td>Cs4Be4F12</td>\n",
       "      <td>{'Cs': 4.0, 'Be': 4.0, 'F': 12.0}</td>\n",
       "      <td>3.397007</td>\n",
       "      <td>3</td>\n",
       "      <td>388.933579</td>\n",
       "      <td>6.6615</td>\n",
       "      <td>-3.425382</td>\n",
       "      <td>0.000000</td>\n",
       "      <td>...</td>\n",
       "      <td>90.000000</td>\n",
       "      <td>1.0</td>\n",
       "      <td>2.0</td>\n",
       "      <td>-1.0</td>\n",
       "      <td>1.88</td>\n",
       "      <td>0.45</td>\n",
       "      <td>1.33</td>\n",
       "      <td>0.338346</td>\n",
       "      <td>1.275176</td>\n",
       "      <td>4.877529</td>\n",
       "    </tr>\n",
       "    <tr>\n",
       "      <th>4</th>\n",
       "      <td>mp-1017555</td>\n",
       "      <td>CsBeF3</td>\n",
       "      <td>Cs1Be1F3</td>\n",
       "      <td>{'Cs': 1.0, 'Be': 1.0, 'F': 3.0}</td>\n",
       "      <td>5.026564</td>\n",
       "      <td>0</td>\n",
       "      <td>65.711400</td>\n",
       "      <td>5.3850</td>\n",
       "      <td>-2.762829</td>\n",
       "      <td>0.662552</td>\n",
       "      <td>...</td>\n",
       "      <td>90.000000</td>\n",
       "      <td>1.0</td>\n",
       "      <td>2.0</td>\n",
       "      <td>-1.0</td>\n",
       "      <td>1.88</td>\n",
       "      <td>0.45</td>\n",
       "      <td>1.33</td>\n",
       "      <td>0.338346</td>\n",
       "      <td>1.275176</td>\n",
       "      <td>4.877529</td>\n",
       "    </tr>\n",
       "  </tbody>\n",
       "</table>\n",
       "<p>5 rows × 73 columns</p>\n",
       "</div>"
      ],
      "text/plain": [
       "  material_id pretty_formula full_formula                  unit_cell_formula  \\\n",
       "0    mp-10250         BaLiF3     Ba1Li1F3   {'Ba': 1.0, 'Li': 1.0, 'F': 3.0}   \n",
       "1  mp-1097061         CaTlF3     Ca1Tl1F3   {'Ca': 1.0, 'Tl': 1.0, 'F': 3.0}   \n",
       "2   mp-998150         CaTlF3     Ca1Tl1F3   {'Ca': 1.0, 'Tl': 1.0, 'F': 3.0}   \n",
       "3    mp-12262         CsBeF3    Cs4Be4F12  {'Cs': 4.0, 'Be': 4.0, 'F': 12.0}   \n",
       "4  mp-1017555         CsBeF3     Cs1Be1F3   {'Cs': 1.0, 'Be': 1.0, 'F': 3.0}   \n",
       "\n",
       "    density  spacegroup.crystal_system      volume  band_gap  \\\n",
       "0  5.020980                          0   66.561793    6.5716   \n",
       "1  5.456459                          2   91.740879    4.8393   \n",
       "2  5.446106                          3   91.915271    4.8398   \n",
       "3  3.397007                          3  388.933579    6.6615   \n",
       "4  5.026564                          0   65.711400    5.3850   \n",
       "\n",
       "   formation_energy_per_atom  e_above_hull  ...      gamma   nA   nB   nX  \\\n",
       "0                  -3.767297      0.014824  ...  90.000000  2.0  1.0 -1.0   \n",
       "1                  -3.321972      0.018100  ...  89.962853  1.0  2.0 -1.0   \n",
       "2                  -3.321913      0.018159  ...  90.090621  1.0  2.0 -1.0   \n",
       "3                  -3.425382      0.000000  ...  90.000000  1.0  2.0 -1.0   \n",
       "4                  -2.762829      0.662552  ...  90.000000  1.0  2.0 -1.0   \n",
       "\n",
       "     rA    rB    rX        mu         t       tau  \n",
       "0  1.61  0.76  1.33  0.571429  0.994686  3.394073  \n",
       "1  1.70  1.00  1.33  0.751880  0.919542  3.533750  \n",
       "2  1.70  1.00  1.33  0.751880  0.919542  3.533750  \n",
       "3  1.88  0.45  1.33  0.338346  1.275176  4.877529  \n",
       "4  1.88  0.45  1.33  0.338346  1.275176  4.877529  \n",
       "\n",
       "[5 rows x 73 columns]"
      ]
     },
     "execution_count": 2,
     "metadata": {},
     "output_type": "execute_result"
    }
   ],
   "source": [
    "data = pd.read_csv(os.getcwd()+'\\\\data\\\\ABOX_raw_features_eb.csv')\n",
    "print(data.shape)\n",
    "data.head()"
   ]
  },
  {
   "cell_type": "code",
   "execution_count": 3,
   "id": "21611963",
   "metadata": {},
   "outputs": [
    {
     "name": "stdout",
     "output_type": "stream",
     "text": [
      "0\n",
      "(0, 73)\n"
     ]
    }
   ],
   "source": [
    "num = data.isnull().sum()\n",
    "miss = data.isnull() \n",
    "print(data.isnull().sum().sum()) \n",
    "print(data[data.isnull().any(axis=1)].shape)"
   ]
  },
  {
   "cell_type": "code",
   "execution_count": 4,
   "id": "ecc56114",
   "metadata": {},
   "outputs": [],
   "source": [
    "colNameDict = {'formation_energy_per_atom':'Ef',\n",
    "               'e_above_hull':'Ehull', \n",
    "               'spacegroup.crystal_system':'cry_sys'}\n",
    "data.rename(columns=colNameDict, inplace=True)"
   ]
  },
  {
   "cell_type": "code",
   "execution_count": 5,
   "id": "27377c40",
   "metadata": {},
   "outputs": [
    {
     "data": {
      "text/plain": [
       "Index(['material_id', 'pretty_formula', 'full_formula', 'unit_cell_formula',\n",
       "       'density', 'cry_sys', 'volume', 'band_gap', 'Ef', 'Ehull', 'z_A', 'z_B',\n",
       "       'z_X', 'row_A', 'row_B', 'row_X', 'grp_A', 'grp_B', 'grp_X',\n",
       "       'atom_mass_A', 'atom_mass_B', 'atom_mass_X', 'mol_vol_A', 'mol_vol_B',\n",
       "       'mol_vol_X', 'ion_rad_A', 'ion_rad_B', 'ion_rad_X', 'cov_rad_A',\n",
       "       'cov_rad_B', 'cov_rad_X', 'vdw_rad_A', 'vdw_rad_B', 'vdw_rad_X', 'x_A',\n",
       "       'x_B', 'x_X', 'ea_A', 'ea_B', 'ea_X', 'k_A', 'k_B', 'k_X', 'val_A',\n",
       "       'val_B', 'val_X', 'bp_A', 'bp_B', 'bp_X', 'mp_A', 'mp_B', 'mp_X',\n",
       "       'heat_fus_A', 'heat_fus_B', 'heat_fus_X', 'ie_A', 'ie_B', 'ie_X', 'a',\n",
       "       'b', 'c', 'alpha', 'beta', 'gamma', 'nA', 'nB', 'nX', 'rA', 'rB', 'rX',\n",
       "       'mu', 't', 'tau'],\n",
       "      dtype='object')"
      ]
     },
     "execution_count": 5,
     "metadata": {},
     "output_type": "execute_result"
    }
   ],
   "source": [
    "data.columns"
   ]
  },
  {
   "cell_type": "code",
   "execution_count": 6,
   "id": "cab341c5",
   "metadata": {},
   "outputs": [],
   "source": [
    "data_1 = data.drop(['material_id', 'pretty_formula', 'full_formula',\n",
    "                    'unit_cell_formula'], axis=1)"
   ]
  },
  {
   "cell_type": "code",
   "execution_count": 7,
   "id": "a714c85c",
   "metadata": {},
   "outputs": [
    {
     "name": "stdout",
     "output_type": "stream",
     "text": [
      "(1341, 69)\n"
     ]
    },
    {
     "data": {
      "text/plain": [
       "Index(['density', 'cry_sys', 'volume', 'band_gap', 'Ef', 'Ehull', 'z_A', 'z_B',\n",
       "       'z_X', 'row_A', 'row_B', 'row_X', 'grp_A', 'grp_B', 'grp_X',\n",
       "       'atom_mass_A', 'atom_mass_B', 'atom_mass_X', 'mol_vol_A', 'mol_vol_B',\n",
       "       'mol_vol_X', 'ion_rad_A', 'ion_rad_B', 'ion_rad_X', 'cov_rad_A',\n",
       "       'cov_rad_B', 'cov_rad_X', 'vdw_rad_A', 'vdw_rad_B', 'vdw_rad_X', 'x_A',\n",
       "       'x_B', 'x_X', 'ea_A', 'ea_B', 'ea_X', 'k_A', 'k_B', 'k_X', 'val_A',\n",
       "       'val_B', 'val_X', 'bp_A', 'bp_B', 'bp_X', 'mp_A', 'mp_B', 'mp_X',\n",
       "       'heat_fus_A', 'heat_fus_B', 'heat_fus_X', 'ie_A', 'ie_B', 'ie_X', 'a',\n",
       "       'b', 'c', 'alpha', 'beta', 'gamma', 'nA', 'nB', 'nX', 'rA', 'rB', 'rX',\n",
       "       'mu', 't', 'tau'],\n",
       "      dtype='object')"
      ]
     },
     "execution_count": 7,
     "metadata": {},
     "output_type": "execute_result"
    }
   ],
   "source": [
    "print(data_1.shape)\n",
    "data_1.columns"
   ]
  },
  {
   "cell_type": "code",
   "execution_count": null,
   "id": "5ad37af1",
   "metadata": {},
   "outputs": [],
   "source": []
  },
  {
   "cell_type": "markdown",
   "id": "46a415e4",
   "metadata": {},
   "source": [
    "### band gap prediction with Ef & Ehull\n",
    "1.default parameters"
   ]
  },
  {
   "cell_type": "code",
   "execution_count": 8,
   "id": "3fda717b",
   "metadata": {},
   "outputs": [
    {
     "name": "stdout",
     "output_type": "stream",
     "text": [
      "<class 'pandas.core.frame.DataFrame'> (1341, 68)\n",
      "training set： 1072  test set： 269\n"
     ]
    }
   ],
   "source": [
    "X = data_1.drop(['band_gap'], axis=1)\n",
    "print(type(X), X.shape)\n",
    "\n",
    "y = data_1[['band_gap']].values.ravel()\n",
    "\n",
    "X_train, X_test, y_train, y_test = train_test_split(\n",
    "    X, y, test_size=0.2, random_state=3\n",
    ")\n",
    "print(\"training set：\",len(X_train),\" test set：\",  len(X_test))"
   ]
  },
  {
   "cell_type": "code",
   "execution_count": 9,
   "id": "98f3e96b",
   "metadata": {},
   "outputs": [],
   "source": [
    "tuned_params_gbr = {\n",
    "    \"random_state\": [3]\n",
    "}"
   ]
  },
  {
   "cell_type": "code",
   "execution_count": 10,
   "id": "930428bf",
   "metadata": {},
   "outputs": [],
   "source": [
    "params = {}\n",
    "for k,v in tuned_params_gbr.items():\n",
    "    params[k] = v[0]\n",
    "gbr = ensemble.GradientBoostingRegressor(**params)"
   ]
  },
  {
   "cell_type": "code",
   "execution_count": 11,
   "id": "764bd360",
   "metadata": {},
   "outputs": [],
   "source": [
    "model = gbr.fit(X_train, y_train)"
   ]
  },
  {
   "cell_type": "code",
   "execution_count": 12,
   "id": "3858e5ba",
   "metadata": {},
   "outputs": [
    {
     "name": "stdout",
     "output_type": "stream",
     "text": [
      "r^2: 0.7928232458306479 \n",
      "RMSE: 0.6879321323193336 \n",
      "MAE: 0.5190405866792026\n"
     ]
    }
   ],
   "source": [
    "GBR_test_pred = gbr.predict(X_test)\n",
    "r2 = r2_score(y_test, GBR_test_pred)\n",
    "RMSE = mean_squared_error(y_test, GBR_test_pred)**0.5\n",
    "MAE = mean_absolute_error(y_test, GBR_test_pred)\n",
    "    \n",
    "print('r^2:', r2, '\\nRMSE:', RMSE, '\\nMAE:', MAE)"
   ]
  },
  {
   "cell_type": "code",
   "execution_count": 13,
   "id": "0a78cc2a",
   "metadata": {},
   "outputs": [],
   "source": [
    "from sklearn.model_selection import cross_val_score"
   ]
  },
  {
   "cell_type": "code",
   "execution_count": 14,
   "id": "2e636384",
   "metadata": {},
   "outputs": [],
   "source": [
    "scores = cross_val_score(gbr, X_train, y_train, cv=5)"
   ]
  },
  {
   "cell_type": "code",
   "execution_count": 15,
   "id": "d297c88c",
   "metadata": {},
   "outputs": [
    {
     "name": "stdout",
     "output_type": "stream",
     "text": [
      "[0.71895288 0.67586369 0.71656928 0.72556792 0.80106283]\n",
      "0.727603319765066\n"
     ]
    }
   ],
   "source": [
    "print(scores)\n",
    "print(scores.mean())"
   ]
  },
  {
   "cell_type": "code",
   "execution_count": null,
   "id": "093732e9",
   "metadata": {},
   "outputs": [],
   "source": []
  },
  {
   "cell_type": "markdown",
   "id": "a5a8d5cf",
   "metadata": {},
   "source": [
    "2.optimized parameters"
   ]
  },
  {
   "cell_type": "code",
   "execution_count": 16,
   "id": "f0d102b9",
   "metadata": {
    "scrolled": false
   },
   "outputs": [
    {
     "data": {
      "text/plain": [
       "{'random_state': [3],\n",
       " 'n_estimators': [1400],\n",
       " 'learning_rate': [0.06999999999999999],\n",
       " 'max_depth': [5],\n",
       " 'min_samples_split': [3],\n",
       " 'min_samples_leaf': [1],\n",
       " 'max_features': [8]}"
      ]
     },
     "execution_count": 16,
     "metadata": {},
     "output_type": "execute_result"
    }
   ],
   "source": [
    "tuned_params_gbr = {'random_state': [3],\n",
    "                     'n_estimators': [1400],\n",
    "                     'learning_rate': [0.06999999999999999],\n",
    "                     'max_depth': [5],\n",
    "                     'min_samples_split': [3],\n",
    "                     'min_samples_leaf': [1],\n",
    "                     'max_features': [8]}\n",
    "tuned_params_gbr"
   ]
  },
  {
   "cell_type": "code",
   "execution_count": 17,
   "id": "f48eed4c",
   "metadata": {},
   "outputs": [],
   "source": [
    "params = {}\n",
    "for k,v in tuned_params_gbr.items():\n",
    "    params[k] = v[0]\n",
    "gbr = ensemble.GradientBoostingRegressor(**params)"
   ]
  },
  {
   "cell_type": "code",
   "execution_count": 18,
   "id": "e4df3bb3",
   "metadata": {},
   "outputs": [],
   "source": [
    "model = gbr.fit(X_train, y_train)"
   ]
  },
  {
   "cell_type": "code",
   "execution_count": 19,
   "id": "fe3c4097",
   "metadata": {},
   "outputs": [
    {
     "name": "stdout",
     "output_type": "stream",
     "text": [
      "r^2: 0.8702851948456258 \n",
      "RMSE: 0.5443395082867823 \n",
      "MAE: 0.3861708873453046\n"
     ]
    }
   ],
   "source": [
    "GBR_test_pred = gbr.predict(X_test)\n",
    "r2 = r2_score(y_test, GBR_test_pred)\n",
    "RMSE = mean_squared_error(y_test, GBR_test_pred)**0.5\n",
    "MAE = mean_absolute_error(y_test, GBR_test_pred)\n",
    "\n",
    "least_feature_list = [\"first\"] \n",
    "r2_list = [r2]          \n",
    "RMSE_list = [RMSE]\n",
    "MAE_list = [MAE]\n",
    "    \n",
    "print('r^2:', r2, '\\nRMSE:', RMSE, '\\nMAE:', MAE)"
   ]
  },
  {
   "cell_type": "code",
   "execution_count": 20,
   "id": "396ed8bf",
   "metadata": {},
   "outputs": [],
   "source": [
    "df_result = pd.DataFrame({\"test\":y_test,\n",
    "                          \"pred\":GBR_test_pred})\n",
    "df_result.to_csv(os.getcwd()+\"\\\\result\\\\data\\\\bandgap_optimized.csv\", index=False)"
   ]
  },
  {
   "cell_type": "code",
   "execution_count": 21,
   "id": "6d0fb982",
   "metadata": {},
   "outputs": [],
   "source": [
    "from sklearn.model_selection import cross_val_score\n",
    "scores = cross_val_score(gbr, X_train, y_train, cv=5)"
   ]
  },
  {
   "cell_type": "code",
   "execution_count": 22,
   "id": "1c9359de",
   "metadata": {},
   "outputs": [
    {
     "name": "stdout",
     "output_type": "stream",
     "text": [
      "[0.78499741 0.73761726 0.77513805 0.79773951 0.88465004]\n",
      "0.7960284528765534\n"
     ]
    }
   ],
   "source": [
    "print(scores)\n",
    "print(scores.mean())"
   ]
  },
  {
   "cell_type": "code",
   "execution_count": null,
   "id": "62b6bbef",
   "metadata": {},
   "outputs": [],
   "source": []
  },
  {
   "cell_type": "code",
   "execution_count": null,
   "id": "6d60685b",
   "metadata": {},
   "outputs": [],
   "source": []
  },
  {
   "cell_type": "markdown",
   "id": "b088e94b",
   "metadata": {},
   "source": [
    "#### shap_based feature importance"
   ]
  },
  {
   "cell_type": "code",
   "execution_count": 23,
   "id": "c0ca7c91",
   "metadata": {},
   "outputs": [],
   "source": [
    "delete_features = ['grp_X', 'bp_X', 'mp_B', 'ea_X', 'row_X', 'c', 'nB', 'cov_rad_A', \n",
    "                   'val_X', 'heat_fus_X', 'tau', 'nA', 'x_A', 'rX', 'beta', \n",
    "                   'heat_fus_A', 'ion_rad_A', 'vdw_rad_A', 'k_B', 'atom_mass_X', \n",
    "                   'val_B', 'ion_rad_B', 'heat_fus_B', 'volume', 'ie_A', 'row_A', \n",
    "                   'ea_B', 'cry_sys', 'ea_A', 'gamma', 'z_X', 'row_B', 'z_A', 'mp_X', \n",
    "                   'k_X', 'a', 'nX', 'mol_vol_X', 'ion_rad_X', 'cov_rad_X', 'alpha', 'rB', \n",
    "                   'cov_rad_B', 'vdw_rad_B', 'ie_B', 'z_B', 'val_A', 'rA', 'vdw_rad_X', 'bp_A', 'x_X']"
   ]
  },
  {
   "cell_type": "code",
   "execution_count": 24,
   "id": "b9cc1f2c",
   "metadata": {},
   "outputs": [],
   "source": [
    "new_X = X.drop(delete_features, axis=1)"
   ]
  },
  {
   "cell_type": "code",
   "execution_count": 25,
   "id": "f54e40cf",
   "metadata": {},
   "outputs": [],
   "source": [
    "data_cor = np.corrcoef(new_X,rowvar=0)\n",
    "data_cor = pd.DataFrame(data=data_cor,columns=new_X.columns,index=new_X.columns) "
   ]
  },
  {
   "cell_type": "code",
   "execution_count": 26,
   "id": "2ba26d0a",
   "metadata": {},
   "outputs": [
    {
     "data": {
      "text/html": [
       "<div>\n",
       "<style scoped>\n",
       "    .dataframe tbody tr th:only-of-type {\n",
       "        vertical-align: middle;\n",
       "    }\n",
       "\n",
       "    .dataframe tbody tr th {\n",
       "        vertical-align: top;\n",
       "    }\n",
       "\n",
       "    .dataframe thead th {\n",
       "        text-align: right;\n",
       "    }\n",
       "</style>\n",
       "<table border=\"1\" class=\"dataframe\">\n",
       "  <thead>\n",
       "    <tr style=\"text-align: right;\">\n",
       "      <th></th>\n",
       "      <th>density</th>\n",
       "      <th>Ef</th>\n",
       "      <th>Ehull</th>\n",
       "      <th>grp_A</th>\n",
       "      <th>grp_B</th>\n",
       "      <th>atom_mass_A</th>\n",
       "      <th>atom_mass_B</th>\n",
       "      <th>mol_vol_A</th>\n",
       "      <th>mol_vol_B</th>\n",
       "      <th>x_B</th>\n",
       "      <th>k_A</th>\n",
       "      <th>bp_B</th>\n",
       "      <th>mp_A</th>\n",
       "      <th>ie_X</th>\n",
       "      <th>b</th>\n",
       "      <th>mu</th>\n",
       "      <th>t</th>\n",
       "    </tr>\n",
       "  </thead>\n",
       "  <tbody>\n",
       "    <tr>\n",
       "      <th>density</th>\n",
       "      <td>1.000000</td>\n",
       "      <td>-0.240864</td>\n",
       "      <td>-0.022271</td>\n",
       "      <td>0.536650</td>\n",
       "      <td>0.041053</td>\n",
       "      <td>0.624537</td>\n",
       "      <td>0.465640</td>\n",
       "      <td>-0.276046</td>\n",
       "      <td>0.054208</td>\n",
       "      <td>-0.173170</td>\n",
       "      <td>-0.346624</td>\n",
       "      <td>0.171625</td>\n",
       "      <td>0.511033</td>\n",
       "      <td>-0.085635</td>\n",
       "      <td>-0.243842</td>\n",
       "      <td>0.254597</td>\n",
       "      <td>-0.227075</td>\n",
       "    </tr>\n",
       "    <tr>\n",
       "      <th>Ef</th>\n",
       "      <td>-0.240864</td>\n",
       "      <td>1.000000</td>\n",
       "      <td>0.001746</td>\n",
       "      <td>0.058698</td>\n",
       "      <td>0.340068</td>\n",
       "      <td>-0.045778</td>\n",
       "      <td>0.121016</td>\n",
       "      <td>0.091619</td>\n",
       "      <td>0.197126</td>\n",
       "      <td>0.564507</td>\n",
       "      <td>0.259257</td>\n",
       "      <td>-0.348238</td>\n",
       "      <td>-0.210671</td>\n",
       "      <td>-0.384982</td>\n",
       "      <td>0.291841</td>\n",
       "      <td>-0.288265</td>\n",
       "      <td>0.142721</td>\n",
       "    </tr>\n",
       "    <tr>\n",
       "      <th>Ehull</th>\n",
       "      <td>-0.022271</td>\n",
       "      <td>0.001746</td>\n",
       "      <td>1.000000</td>\n",
       "      <td>0.026815</td>\n",
       "      <td>-0.025442</td>\n",
       "      <td>-0.126913</td>\n",
       "      <td>-0.085032</td>\n",
       "      <td>-0.157805</td>\n",
       "      <td>-0.115480</td>\n",
       "      <td>-0.015528</td>\n",
       "      <td>0.029197</td>\n",
       "      <td>0.057138</td>\n",
       "      <td>0.091423</td>\n",
       "      <td>0.145377</td>\n",
       "      <td>-0.153645</td>\n",
       "      <td>-0.022644</td>\n",
       "      <td>-0.104844</td>\n",
       "    </tr>\n",
       "    <tr>\n",
       "      <th>grp_A</th>\n",
       "      <td>0.536650</td>\n",
       "      <td>0.058698</td>\n",
       "      <td>0.026815</td>\n",
       "      <td>1.000000</td>\n",
       "      <td>0.230274</td>\n",
       "      <td>0.510707</td>\n",
       "      <td>-0.005968</td>\n",
       "      <td>-0.479382</td>\n",
       "      <td>-0.017722</td>\n",
       "      <td>0.113580</td>\n",
       "      <td>-0.031921</td>\n",
       "      <td>-0.057070</td>\n",
       "      <td>0.374657</td>\n",
       "      <td>-0.162546</td>\n",
       "      <td>-0.055089</td>\n",
       "      <td>-0.153995</td>\n",
       "      <td>-0.157300</td>\n",
       "    </tr>\n",
       "    <tr>\n",
       "      <th>grp_B</th>\n",
       "      <td>0.041053</td>\n",
       "      <td>0.340068</td>\n",
       "      <td>-0.025442</td>\n",
       "      <td>0.230274</td>\n",
       "      <td>1.000000</td>\n",
       "      <td>0.037759</td>\n",
       "      <td>0.144213</td>\n",
       "      <td>-0.164942</td>\n",
       "      <td>0.291533</td>\n",
       "      <td>0.665023</td>\n",
       "      <td>0.159278</td>\n",
       "      <td>-0.479018</td>\n",
       "      <td>0.083782</td>\n",
       "      <td>-0.173601</td>\n",
       "      <td>0.120610</td>\n",
       "      <td>-0.282484</td>\n",
       "      <td>0.208917</td>\n",
       "    </tr>\n",
       "    <tr>\n",
       "      <th>atom_mass_A</th>\n",
       "      <td>0.624537</td>\n",
       "      <td>-0.045778</td>\n",
       "      <td>-0.126913</td>\n",
       "      <td>0.510707</td>\n",
       "      <td>0.037759</td>\n",
       "      <td>1.000000</td>\n",
       "      <td>0.029153</td>\n",
       "      <td>0.114032</td>\n",
       "      <td>0.010564</td>\n",
       "      <td>-0.060343</td>\n",
       "      <td>-0.474401</td>\n",
       "      <td>0.027887</td>\n",
       "      <td>0.279805</td>\n",
       "      <td>-0.283309</td>\n",
       "      <td>-0.051004</td>\n",
       "      <td>0.016287</td>\n",
       "      <td>0.115994</td>\n",
       "    </tr>\n",
       "    <tr>\n",
       "      <th>atom_mass_B</th>\n",
       "      <td>0.465640</td>\n",
       "      <td>0.121016</td>\n",
       "      <td>-0.085032</td>\n",
       "      <td>-0.005968</td>\n",
       "      <td>0.144213</td>\n",
       "      <td>0.029153</td>\n",
       "      <td>1.000000</td>\n",
       "      <td>0.043237</td>\n",
       "      <td>0.527686</td>\n",
       "      <td>-0.085479</td>\n",
       "      <td>-0.068332</td>\n",
       "      <td>-0.034905</td>\n",
       "      <td>0.076228</td>\n",
       "      <td>-0.087037</td>\n",
       "      <td>0.053610</td>\n",
       "      <td>0.554601</td>\n",
       "      <td>-0.308674</td>\n",
       "    </tr>\n",
       "    <tr>\n",
       "      <th>mol_vol_A</th>\n",
       "      <td>-0.276046</td>\n",
       "      <td>0.091619</td>\n",
       "      <td>-0.157805</td>\n",
       "      <td>-0.479382</td>\n",
       "      <td>-0.164942</td>\n",
       "      <td>0.114032</td>\n",
       "      <td>0.043237</td>\n",
       "      <td>1.000000</td>\n",
       "      <td>0.197562</td>\n",
       "      <td>-0.090708</td>\n",
       "      <td>-0.165247</td>\n",
       "      <td>-0.065318</td>\n",
       "      <td>-0.546489</td>\n",
       "      <td>-0.073102</td>\n",
       "      <td>0.076672</td>\n",
       "      <td>0.166727</td>\n",
       "      <td>0.383250</td>\n",
       "    </tr>\n",
       "    <tr>\n",
       "      <th>mol_vol_B</th>\n",
       "      <td>0.054208</td>\n",
       "      <td>0.197126</td>\n",
       "      <td>-0.115480</td>\n",
       "      <td>-0.017722</td>\n",
       "      <td>0.291533</td>\n",
       "      <td>0.010564</td>\n",
       "      <td>0.527686</td>\n",
       "      <td>0.197562</td>\n",
       "      <td>1.000000</td>\n",
       "      <td>-0.000740</td>\n",
       "      <td>0.083470</td>\n",
       "      <td>-0.519330</td>\n",
       "      <td>-0.118364</td>\n",
       "      <td>-0.246854</td>\n",
       "      <td>0.129689</td>\n",
       "      <td>0.341847</td>\n",
       "      <td>-0.106191</td>\n",
       "    </tr>\n",
       "    <tr>\n",
       "      <th>x_B</th>\n",
       "      <td>-0.173170</td>\n",
       "      <td>0.564507</td>\n",
       "      <td>-0.015528</td>\n",
       "      <td>0.113580</td>\n",
       "      <td>0.665023</td>\n",
       "      <td>-0.060343</td>\n",
       "      <td>-0.085479</td>\n",
       "      <td>-0.090708</td>\n",
       "      <td>-0.000740</td>\n",
       "      <td>1.000000</td>\n",
       "      <td>0.248147</td>\n",
       "      <td>-0.361281</td>\n",
       "      <td>-0.064299</td>\n",
       "      <td>-0.069549</td>\n",
       "      <td>0.065353</td>\n",
       "      <td>-0.526527</td>\n",
       "      <td>0.485356</td>\n",
       "    </tr>\n",
       "    <tr>\n",
       "      <th>k_A</th>\n",
       "      <td>-0.346624</td>\n",
       "      <td>0.259257</td>\n",
       "      <td>0.029197</td>\n",
       "      <td>-0.031921</td>\n",
       "      <td>0.159278</td>\n",
       "      <td>-0.474401</td>\n",
       "      <td>-0.068332</td>\n",
       "      <td>-0.165247</td>\n",
       "      <td>0.083470</td>\n",
       "      <td>0.248147</td>\n",
       "      <td>1.000000</td>\n",
       "      <td>-0.149782</td>\n",
       "      <td>-0.182158</td>\n",
       "      <td>0.038648</td>\n",
       "      <td>0.093380</td>\n",
       "      <td>-0.176323</td>\n",
       "      <td>0.053072</td>\n",
       "    </tr>\n",
       "    <tr>\n",
       "      <th>bp_B</th>\n",
       "      <td>0.171625</td>\n",
       "      <td>-0.348238</td>\n",
       "      <td>0.057138</td>\n",
       "      <td>-0.057070</td>\n",
       "      <td>-0.479018</td>\n",
       "      <td>0.027887</td>\n",
       "      <td>-0.034905</td>\n",
       "      <td>-0.065318</td>\n",
       "      <td>-0.519330</td>\n",
       "      <td>-0.361281</td>\n",
       "      <td>-0.149782</td>\n",
       "      <td>1.000000</td>\n",
       "      <td>0.113430</td>\n",
       "      <td>0.002141</td>\n",
       "      <td>-0.137449</td>\n",
       "      <td>-0.022372</td>\n",
       "      <td>-0.096460</td>\n",
       "    </tr>\n",
       "    <tr>\n",
       "      <th>mp_A</th>\n",
       "      <td>0.511033</td>\n",
       "      <td>-0.210671</td>\n",
       "      <td>0.091423</td>\n",
       "      <td>0.374657</td>\n",
       "      <td>0.083782</td>\n",
       "      <td>0.279805</td>\n",
       "      <td>0.076228</td>\n",
       "      <td>-0.546489</td>\n",
       "      <td>-0.118364</td>\n",
       "      <td>-0.064299</td>\n",
       "      <td>-0.182158</td>\n",
       "      <td>0.113430</td>\n",
       "      <td>1.000000</td>\n",
       "      <td>-0.198229</td>\n",
       "      <td>-0.141866</td>\n",
       "      <td>-0.096038</td>\n",
       "      <td>-0.272092</td>\n",
       "    </tr>\n",
       "    <tr>\n",
       "      <th>ie_X</th>\n",
       "      <td>-0.085635</td>\n",
       "      <td>-0.384982</td>\n",
       "      <td>0.145377</td>\n",
       "      <td>-0.162546</td>\n",
       "      <td>-0.173601</td>\n",
       "      <td>-0.283309</td>\n",
       "      <td>-0.087037</td>\n",
       "      <td>-0.073102</td>\n",
       "      <td>-0.246854</td>\n",
       "      <td>-0.069549</td>\n",
       "      <td>0.038648</td>\n",
       "      <td>0.002141</td>\n",
       "      <td>-0.198229</td>\n",
       "      <td>1.000000</td>\n",
       "      <td>-0.254155</td>\n",
       "      <td>0.377463</td>\n",
       "      <td>-0.048652</td>\n",
       "    </tr>\n",
       "    <tr>\n",
       "      <th>b</th>\n",
       "      <td>-0.243842</td>\n",
       "      <td>0.291841</td>\n",
       "      <td>-0.153645</td>\n",
       "      <td>-0.055089</td>\n",
       "      <td>0.120610</td>\n",
       "      <td>-0.051004</td>\n",
       "      <td>0.053610</td>\n",
       "      <td>0.076672</td>\n",
       "      <td>0.129689</td>\n",
       "      <td>0.065353</td>\n",
       "      <td>0.093380</td>\n",
       "      <td>-0.137449</td>\n",
       "      <td>-0.141866</td>\n",
       "      <td>-0.254155</td>\n",
       "      <td>1.000000</td>\n",
       "      <td>-0.032456</td>\n",
       "      <td>-0.033795</td>\n",
       "    </tr>\n",
       "    <tr>\n",
       "      <th>mu</th>\n",
       "      <td>0.254597</td>\n",
       "      <td>-0.288265</td>\n",
       "      <td>-0.022644</td>\n",
       "      <td>-0.153995</td>\n",
       "      <td>-0.282484</td>\n",
       "      <td>0.016287</td>\n",
       "      <td>0.554601</td>\n",
       "      <td>0.166727</td>\n",
       "      <td>0.341847</td>\n",
       "      <td>-0.526527</td>\n",
       "      <td>-0.176323</td>\n",
       "      <td>-0.022372</td>\n",
       "      <td>-0.096038</td>\n",
       "      <td>0.377463</td>\n",
       "      <td>-0.032456</td>\n",
       "      <td>1.000000</td>\n",
       "      <td>-0.611229</td>\n",
       "    </tr>\n",
       "    <tr>\n",
       "      <th>t</th>\n",
       "      <td>-0.227075</td>\n",
       "      <td>0.142721</td>\n",
       "      <td>-0.104844</td>\n",
       "      <td>-0.157300</td>\n",
       "      <td>0.208917</td>\n",
       "      <td>0.115994</td>\n",
       "      <td>-0.308674</td>\n",
       "      <td>0.383250</td>\n",
       "      <td>-0.106191</td>\n",
       "      <td>0.485356</td>\n",
       "      <td>0.053072</td>\n",
       "      <td>-0.096460</td>\n",
       "      <td>-0.272092</td>\n",
       "      <td>-0.048652</td>\n",
       "      <td>-0.033795</td>\n",
       "      <td>-0.611229</td>\n",
       "      <td>1.000000</td>\n",
       "    </tr>\n",
       "  </tbody>\n",
       "</table>\n",
       "</div>"
      ],
      "text/plain": [
       "              density        Ef     Ehull     grp_A     grp_B  atom_mass_A  \\\n",
       "density      1.000000 -0.240864 -0.022271  0.536650  0.041053     0.624537   \n",
       "Ef          -0.240864  1.000000  0.001746  0.058698  0.340068    -0.045778   \n",
       "Ehull       -0.022271  0.001746  1.000000  0.026815 -0.025442    -0.126913   \n",
       "grp_A        0.536650  0.058698  0.026815  1.000000  0.230274     0.510707   \n",
       "grp_B        0.041053  0.340068 -0.025442  0.230274  1.000000     0.037759   \n",
       "atom_mass_A  0.624537 -0.045778 -0.126913  0.510707  0.037759     1.000000   \n",
       "atom_mass_B  0.465640  0.121016 -0.085032 -0.005968  0.144213     0.029153   \n",
       "mol_vol_A   -0.276046  0.091619 -0.157805 -0.479382 -0.164942     0.114032   \n",
       "mol_vol_B    0.054208  0.197126 -0.115480 -0.017722  0.291533     0.010564   \n",
       "x_B         -0.173170  0.564507 -0.015528  0.113580  0.665023    -0.060343   \n",
       "k_A         -0.346624  0.259257  0.029197 -0.031921  0.159278    -0.474401   \n",
       "bp_B         0.171625 -0.348238  0.057138 -0.057070 -0.479018     0.027887   \n",
       "mp_A         0.511033 -0.210671  0.091423  0.374657  0.083782     0.279805   \n",
       "ie_X        -0.085635 -0.384982  0.145377 -0.162546 -0.173601    -0.283309   \n",
       "b           -0.243842  0.291841 -0.153645 -0.055089  0.120610    -0.051004   \n",
       "mu           0.254597 -0.288265 -0.022644 -0.153995 -0.282484     0.016287   \n",
       "t           -0.227075  0.142721 -0.104844 -0.157300  0.208917     0.115994   \n",
       "\n",
       "             atom_mass_B  mol_vol_A  mol_vol_B       x_B       k_A      bp_B  \\\n",
       "density         0.465640  -0.276046   0.054208 -0.173170 -0.346624  0.171625   \n",
       "Ef              0.121016   0.091619   0.197126  0.564507  0.259257 -0.348238   \n",
       "Ehull          -0.085032  -0.157805  -0.115480 -0.015528  0.029197  0.057138   \n",
       "grp_A          -0.005968  -0.479382  -0.017722  0.113580 -0.031921 -0.057070   \n",
       "grp_B           0.144213  -0.164942   0.291533  0.665023  0.159278 -0.479018   \n",
       "atom_mass_A     0.029153   0.114032   0.010564 -0.060343 -0.474401  0.027887   \n",
       "atom_mass_B     1.000000   0.043237   0.527686 -0.085479 -0.068332 -0.034905   \n",
       "mol_vol_A       0.043237   1.000000   0.197562 -0.090708 -0.165247 -0.065318   \n",
       "mol_vol_B       0.527686   0.197562   1.000000 -0.000740  0.083470 -0.519330   \n",
       "x_B            -0.085479  -0.090708  -0.000740  1.000000  0.248147 -0.361281   \n",
       "k_A            -0.068332  -0.165247   0.083470  0.248147  1.000000 -0.149782   \n",
       "bp_B           -0.034905  -0.065318  -0.519330 -0.361281 -0.149782  1.000000   \n",
       "mp_A            0.076228  -0.546489  -0.118364 -0.064299 -0.182158  0.113430   \n",
       "ie_X           -0.087037  -0.073102  -0.246854 -0.069549  0.038648  0.002141   \n",
       "b               0.053610   0.076672   0.129689  0.065353  0.093380 -0.137449   \n",
       "mu              0.554601   0.166727   0.341847 -0.526527 -0.176323 -0.022372   \n",
       "t              -0.308674   0.383250  -0.106191  0.485356  0.053072 -0.096460   \n",
       "\n",
       "                 mp_A      ie_X         b        mu         t  \n",
       "density      0.511033 -0.085635 -0.243842  0.254597 -0.227075  \n",
       "Ef          -0.210671 -0.384982  0.291841 -0.288265  0.142721  \n",
       "Ehull        0.091423  0.145377 -0.153645 -0.022644 -0.104844  \n",
       "grp_A        0.374657 -0.162546 -0.055089 -0.153995 -0.157300  \n",
       "grp_B        0.083782 -0.173601  0.120610 -0.282484  0.208917  \n",
       "atom_mass_A  0.279805 -0.283309 -0.051004  0.016287  0.115994  \n",
       "atom_mass_B  0.076228 -0.087037  0.053610  0.554601 -0.308674  \n",
       "mol_vol_A   -0.546489 -0.073102  0.076672  0.166727  0.383250  \n",
       "mol_vol_B   -0.118364 -0.246854  0.129689  0.341847 -0.106191  \n",
       "x_B         -0.064299 -0.069549  0.065353 -0.526527  0.485356  \n",
       "k_A         -0.182158  0.038648  0.093380 -0.176323  0.053072  \n",
       "bp_B         0.113430  0.002141 -0.137449 -0.022372 -0.096460  \n",
       "mp_A         1.000000 -0.198229 -0.141866 -0.096038 -0.272092  \n",
       "ie_X        -0.198229  1.000000 -0.254155  0.377463 -0.048652  \n",
       "b           -0.141866 -0.254155  1.000000 -0.032456 -0.033795  \n",
       "mu          -0.096038  0.377463 -0.032456  1.000000 -0.611229  \n",
       "t           -0.272092 -0.048652 -0.033795 -0.611229  1.000000  "
      ]
     },
     "execution_count": 26,
     "metadata": {},
     "output_type": "execute_result"
    }
   ],
   "source": [
    "data_cor"
   ]
  },
  {
   "cell_type": "code",
   "execution_count": 27,
   "id": "dbd045f9",
   "metadata": {},
   "outputs": [],
   "source": [
    "def plot_corrcoef_heatmap(feature, fig_size):\n",
    "\n",
    "    data_cor = np.corrcoef(feature,rowvar=0)\n",
    "    data_cor = pd.DataFrame(data=data_cor,columns=feature.columns,index=feature.columns)\n",
    "    \n",
    "    plt.figure(figsize=fig_size)\n",
    "    ax = sns.heatmap(data_cor,square=True,annot=True,fmt = \".3f\",\n",
    "                     linewidths=.5,cmap=\"YlGnBu\",\n",
    "                     cbar_kws={\"fraction\":0.046, \"pad\":0.03})\n",
    "\n",
    "    plt.show()\n",
    "    \n",
    "    return data_cor"
   ]
  },
  {
   "cell_type": "code",
   "execution_count": 28,
   "id": "da1b9910",
   "metadata": {},
   "outputs": [
    {
     "data": {
